20150222	7452	80	-10
20150223	4459	62	-5
20150224	5245	100	10
20150225	4761	31	20
20150226	4354	82	-2
20150227	7054	65	-1
20150228	2360	100	17
20150301	7111	15	10
20150302	5773	80	-6
20150303	5462	66	-8
20150304	1141	99	13
20150305	4138	55	13
20150306	6396	91	-6
20150307	3838	62	-8
20150308	7976	43	20
20150309	3976	80	14
20150310	7201	76	-3
20150311	7381	71	-7
20150312	4289	35	16
20150313	3428	81	19
20150314	3169	36	-5
20150315	3383	90	-8
20150316	6721	49	11
20150317	7478	75	14
20150318	5802	28	-6
20150319	2073	74	-3
20150320	2839	91	19
20150321	3285	42	11
20150322	2293	74	-6
20150323	3631	21	-7
20150324	5026	39	17
20150325	3353	75	15
20150326	2349	57	-2
20150327	3423	35	-2
20150328	6228	34	14
20150329	3696	47	15
20150330	2065	99	-4
20150331	3680	29	-9
20150401	2959	82	16
20150402	3472	31	20
20150403	5930	61	-6
20150404	5782	29	0
20150405	4434	91	13
20150406	6570	37	18
20150407	2473	50	-9
20150408	6288	75	-7
20150409	6549	61	12
20150410	2173	26	19
20150411	6168	45	-4
20150412	3338	76	-2
20150413	3602	87	17
20150414	7338	61	10
20150415	4722	66	-10
20150416	2823	35	-1
20150417	7315	36	14
20150418	3023	74	15
20150419	2896	89	-4
20150420	2654	26	-7
20150421	4309	97	16
20150422	3190	63	10
20150423	4286	28	-3
20150424	7336	35	-7
20150425	4543	38	15
20150426	4635	65	14
20150427	3258	50	-10
20150428	3270	52	-1
20150429	6332	93	20
20150430	3324	48	16
20150501	4950	62	-10
20150502	7291	75	-4
20150503	4796	59	16
20150504	3380	22	14
20150505	5572	84	-5
20150506	7231	49	-1
20150507	2449	40	11
20150508	6046	34	17
20150509	6018	23	-9
20150510	6999	81	-6
20150511	6219	40	15
20150512	4686	49	18
20150513	2837	57	-8
20150514	2321	26	-8
20150515	4523	91	19
20150516	5559	22	12
20150517	3145	42	-9
20150518	4338	26	-8
20150519	6582	77	18
20150520	4041	30	17
20150521	4992	33	-4
20150522	3391	73	-7
20150523	5231	74	17
20150524	7278	41	12
20150525	3226	89	-3
20150526	2274	93	-9
20150527	4413	87	17
20150528	4484	38	17
20150529	3545	45	-10
20150530	3245	79	-3
20150531	5809	67	13